												BEFORE EXECUTION		AFTER EXECUTION
Clock		PC		Instruction		R 		EA		(R)		(EA)		(R)		(EA)
(Dec)		(Hex)		(Hex)		(Hex)	(Hex)	(Hex)	(Hex)	(Hex)	(Hex)
2			02			b400			0002								0000				
3			04			1280			0001								0000				
3			04			1280			0002				0000				0000				
4			02			707c			0001				0000				0000				
5			04			1280			0001				0000				0000				
5			04			1280			0002				0000				0000				
6			02			707c			0001				0000				0000				
7			04			1280			0001				0000				0000				
7			04			1280			0002				0000				0000				
8			02			707c			0001				0000				0000				
9			04			1280			0001				0000				0000				
9			04			1280			0002				0000				0000				
21			04			1280			0001				0000				0000				
21			04			1280			0002				0000				0000				
22			02			707c			0001				0000				0000				
23			04			1280			0001				0000				0000				
23			04			1280			0002				0000				0000				
24			02			707c			0001				0000				0000				
25			04			1280			0001				0000				0000				
25			04			1280			0002				0000				0000				
26			02			707c			0001				0000				0000				
27			04			1280			0001				0000				0000				
27			04			1280			0002				0000				0000				
28			02			707c			0001				0000				0000				
29			04			1280			0001				0000				0000				
29			04			1280			0002				0000				0000				
41			04			1280			0001				0000				0000				
41			04			1280			0002				0000				0000				
42			02			707c			0001				0000				0000				
43			04			1280			0001				0000				0000				
43			04			1280			0002				0000				0000				
44			02			707c			0001				0000				0000				
45			04			1280			0001				0000				0000				
45			04			1280			0002				0000				0000				
46			02			707c			0001				0000				0000				
47			04			1280			0001				0000				0000				
47			04			1280			0002				0000				0000				
48			02			707c			0001				0000				0000				
49			04			1280			0001				0000				0000				
49			04			1280			0002				0000				0000				
61			04			1280			0001				0000				0000				
61			04			1280			0002				0000				0000				
62			02			707c			0001				0000				0000				
63			04			1280			0001				0000				0000				
63			04			1280			0002				0000				0000				
64			02			707c			0001				0000				0000				
65			04			1280			0001				0000				0000				
65			04			1280			0002				0000				0000				
66			02			707c			0001				0000				0000				
67			04			1280			0001				0000				0000				
67			04			1280			0002				0000				0000				
68			02			707c			0001				0000				0000				
69			04			1280			0001				0000				0000				
69			04			1280			0002				0000				0000				
81			04			1280			0001				0000				0000				
81			04			1280			0002				0000				0000				
82			02			707c			0001				0000				0000				
83			04			1280			0001				0000				0000				
83			04			1280			0002				0000				0000				
84			02			707c			0001				0000				0000				
85			04			1280			0001				0000				0000				
85			04			1280			0002				0000				0000				
86			02			707c			0001				0000				0000				
87			04			1280			0001				0000				0000				
87			04			1280			0002				0000				0000				
88			02			707c			0001				0000				0000				
89			04			1280			0001				0000				0000				
89			04			1280			0002				0000				0000				
101			04			1280			0001				0000				0000				
101			04			1280			0002				0000				0000				
102			02			707c			0001				0000				0000				
103			04			1280			0001				0000				0000				
103			04			1280			0002				0000				0000				
104			02			707c			0001				0000				0000				
105			04			1280			0001				0000				0000				
105			04			1280			0002				0000				0000				
106			02			707c			0001				0000				0000				
107			04			1280			0001				0000				0000				
107			04			1280			0002				0000				0000				
108			02			707c			0001				0000				0000				
109			04			1280			0001				0000				0000				
109			04			1280			0002				0000				0000				
121			04			1280			0001				0000				0000				
121			04			1280			0002				0000				0000				
122			02			707c			0001				0000				0000				
123			04			1280			0001				0000				0000				
123			04			1280			0002				0000				0000				
124			02			707c			0001				0000				0000				
125			04			1280			0001				0000				0000				
125			04			1280			0002				0000				0000				
126			02			707c			0001				0000				0000				
127			04			1280			0001				0000				0000				
127			04			1280			0002				0000				0000				
128			02			707c			0001				0000				0000				
129			04			1280			0001				0000				0000				
129			04			1280			0002				0000				0000				
141			04			1280			0001				0000				0000				
141			04			1280			0002				0000				0000				
142			02			707c			0001				0000				0000				
143			04			1280			0001				0000				0000				
143			04			1280			0002				0000				0000				
144			02			707c			0001				0000				0000				
145			04			1280			0001				0000				0000				
145			04			1280			0002				0000				0000				
146			02			707c			0001				0000				0000				
147			04			1280			0001				0000				0000				
147			04			1280			0002				0000				0000				
148			02			707c			0001				0000				0000				
149			04			1280			0001				0000				0000				
149			04			1280			0002				0000				0000				
161			04			1280			0001				0000				0000				
161			04			1280			0002				0000				0000				
162			02			707c			0001				0000				0000				
163			04			1280			0001				0000				0000				
163			04			1280			0002				0000				0000				
164			02			707c			0001				0000				0000				
165			04			1280			0001				0000				0000				
165			04			1280			0002				0000				0000				
166			02			707c			0001				0000				0000				
167			04			1280			0001				0000				0000				
167			04			1280			0002				0000				0000				
168			02			707c			0001				0000				0000				
169			04			1280			0001				0000				0000				
169			04			1280			0002				0000				0000				
181			04			1280			0001				0000				0000				
181			04			1280			0002				0000				0000				
182			02			707c			0001				0000				0000				
183			04			1280			0001				0000				0000				
183			04			1280			0002				0000				0000				
184			02			707c			0001				0000				0000				
185			04			1280			0001				0000				0000				
185			04			1280			0002				0000				0000				
186			02			707c			0001				0000				0000				
187			04			1280			0001				0000				0000				
187			04			1280			0002				0000				0000				
188			02			707c			0001				0000				0000				
189			04			1280			0001				0000				0000				
189			04			1280			0002				0000				0000				
201			04			1280			0001				0000				0000				
201			04			1280			0002				0000				0000				
202			02			707c			0001				0000				0000				
203			04			1280			0001				0000				0000				
203			04			1280			0002				0000				0000				
204			02			707c			0001				0000				0000				
205			04			1280			0001				0000				0000				
205			04			1280			0002				0000				0000				
206			02			707c			0001				0000				0000				
207			04			1280			0001				0000				0000				
207			04			1280			0002				0000				0000				
208			02			707c			0001				0000				0000				
209			04			1280			0001				0000				0000				
209			04			1280			0002				0000				0000				
221			04			1280			0001				0000				0000				
221			04			1280			0002				0000				0000				
222			02			707c			0001				0000				0000				
223			04			1280			0001				0000				0000				
223			04			1280			0002				0000				0000				
224			02			707c			0001				0000				0000				
225			04			1280			0001				0000				0000				
225			04			1280			0002				0000				0000				
226			02			707c			0001				0000				0000				
227			04			1280			0001				0000				0000				
227			04			1280			0002				0000				0000				
228			02			707c			0001				0000				0000				
229			04			1280			0001				0000				0000				
229			04			1280			0002				0000				0000				
241			04			1280			0001				0000				0000				
241			04			1280			0002				0000				0000				
242			02			707c			0001				0000				0000				
243			04			1280			0001				0000				0000				
243			04			1280			0002				0000				0000				
244			02			707c			0001				0000				0000				
245			04			1280			0001				0000				0000				
245			04			1280			0002				0000				0000				
246			02			707c			0001				0000				0000				
247			04			1280			0001				0000				0000				
247			04			1280			0002				0000				0000				
248			02			707c			0001				0000				0000				
249			04			1280			0001				0000				0000				
249			04			1280			0002				0000				0000				
261			04			1280			0001				0000				0000				
261			04			1280			0002				0000				0000				
262			02			707c			0001				0000				0000				
263			04			1280			0001				0000				0000				
263			04			1280			0002				0000				0000				
264			02			707c			0001				0000				0000				
265			04			1280			0001				0000				0000				
265			04			1280			0002				0000				0000				
266			02			707c			0001				0000				0000				
267			04			1280			0001				0000				0000				
267			04			1280			0002				0000				0000				
268			02			707c			0001				0000				0000				
269			04			1280			0001				0000				0000				
269			04			1280			0002				0000				0000				
281			04			1280			0001				0000				0000				
281			04			1280			0002				0000				0000				
282			02			707c			0001				0000				0000				
283			04			1280			0001				0000				0000				
283			04			1280			0002				0000				0000				
284			02			707c			0001				0000				0000				
285			04			1280			0001				0000				0000				
285			04			1280			0002				0000				0000				
286			02			707c			0001				0000				0000				
287			04			1280			0001				0000				0000				
287			04			1280			0002				0000				0000				
288			02			707c			0001				0000				0000				
289			04			1280			0001				0000				0000				
289			04			1280			0002				0000				0000				
301			04			1280			0001				0000				0000				
301			04			1280			0002				0000				0000				
302			02			707c			0001				0000				0000				
303			04			1280			0001				0000				0000				
303			04			1280			0002				0000				0000				
304			02			707c			0001				0000				0000				
305			04			1280			0001				0000				0000				
305			04			1280			0002				0000				0000				
306			02			707c			0001				0000				0000				
307			04			1280			0001				0000				0000				
307			04			1280			0002				0000				0000				
308			02			707c			0001				0000				0000				
309			04			1280			0001				0000				0000				
309			04			1280			0002				0000				0000				
321			04			1280			0001				0000				0000				
321			04			1280			0002				0000				0000				
322			02			707c			0001				0000				0000				
323			04			1280			0001				0000				0000				
323			04			1280			0002				0000				0000				
324			02			707c			0001				0000				0000				
325			04			1280			0001				0000				0000				
325			04			1280			0002				0000				0000				
326			02			707c			0001				0000				0000				
327			04			1280			0001				0000				0000				
327			04			1280			0002				0000				0000				
328			02			707c			0001				0000				0000				
329			04			1280			0001				0000				0000				
329			04			1280			0002				0000				0000				
341			04			1280			0001				0000				0000				
341			04			1280			0002				0000				0000				
342			02			707c			0001				0000				0000				
343			04			1280			0001				0000				0000				
343			04			1280			0002				0000				0000				
344			02			707c			0001				0000				0000				
345			04			1280			0001				0000				0000				
345			04			1280			0002				0000				0000				
346			02			707c			0001				0000				0000				
347			04			1280			0001				0000				0000				
347			04			1280			0002				0000				0000				
348			02			707c			0001				0000				0000				
349			04			1280			0001				0000				0000				
349			04			1280			0002				0000				0000				
361			04			1280			0001				0000				0000				
361			04			1280			0002				0000				0000				
362			02			707c			0001				0000				0000				
363			04			1280			0001				0000				0000				
363			04			1280			0002				0000				0000				
364			02			707c			0001				0000				0000				
365			04			1280			0001				0000				0000				
365			04			1280			0002				0000				0000				
366			02			707c			0001				0000				0000				
367			04			1280			0001				0000				0000				
367			04			1280			0002				0000				0000				
368			02			707c			0001				0000				0000				
369			04			1280			0001				0000				0000				
369			04			1280			0002				0000				0000				
381			04			1280			0001				0000				0000				
381			04			1280			0002				0000				0000				
382			02			707c			0001				0000				0000				
383			04			1280			0001				0000				0000				
383			04			1280			0002				0000				0000				
384			02			707c			0001				0000				0000				
385			04			1280			0001				0000				0000				
385			04			1280			0002				0000				0000				
386			02			707c			0001				0000				0000				
387			04			1280			0001				0000				0000				
387			04			1280			0002				0000				0000				
388			02			707c			0001				0000				0000				
389			04			1280			0001				0000				0000				
389			04			1280			0002				0000				0000				
401			04			1280			0001				0000				0000				
401			04			1280			0002				0000				0000				
402			02			707c			0001				0000				0000				
403			04			1280			0001				0000				0000				
403			04			1280			0002				0000				0000				
404			02			707c			0001				0000				0000				
405			04			1280			0001				0000				0000				
405			04			1280			0002				0000				0000				
406			02			707c			0001				0000				0000				
407			04			1280			0001				0000				0000				
407			04			1280			0002				0000				0000				
408			02			707c			0001				0000				0000				
409			04			1280			0001				0000				0000				
409			04			1280			0002				0000				0000				
421			04			1280			0001				0000				0000				
421			04			1280			0002				0000				0000				
422			02			707c			0001				0000				0000				
423			04			1280			0001				0000				0000				
423			04			1280			0002				0000				0000				
424			02			707c			0001				0000				0000				
425			04			1280			0001				0000				0000				
425			04			1280			0002				0000				0000				
426			02			707c			0001				0000				0000				
427			04			1280			0001				0000				0000				
427			04			1280			0002				0000				0000				
428			02			707c			0001				0000				0000				
429			04			1280			0001				0000				0000				
429			04			1280			0002				0000				0000				
441			04			1280			0001				0000				0000				
441			04			1280			0002				0000				0000				
442			02			707c			0001				0000				0000				
443			04			1280			0001				0000				0000				
443			04			1280			0002				0000				0000				
444			02			707c			0001				0000				0000				
445			04			1280			0001				0000				0000				
445			04			1280			0002				0000				0000				
446			02			707c			0001				0000				0000				
447			04			1280			0001				0000				0000				
447			04			1280			0002				0000				0000				
448			02			707c			0001				0000				0000				
449			04			1280			0001				0000				0000				
449			04			1280			0002				0000				0000				
461			04			1280			0001				0000				0000				
461			04			1280			0002				0000				0000				
462			02			707c			0001				0000				0000				
463			04			1280			0001				0000				0000				
463			04			1280			0002				0000				0000				
464			02			707c			0001				0000				0000				
465			04			1280			0001				0000				0000				
465			04			1280			0002				0000				0000				
466			02			707c			0001				0000				0000				
467			04			1280			0001				0000				0000				
467			04			1280			0002				0000				0000				
468			02			707c			0001				0000				0000				
469			04			1280			0001				0000				0000				
469			04			1280			0002				0000				0000				
481			04			1280			0001				0000				0000				
481			04			1280			0002				0000				0000				
482			02			707c			0001				0000				0000				
483			04			1280			0001				0000				0000				
483			04			1280			0002				0000				0000				
484			02			707c			0001				0000				0000				
485			04			1280			0001				0000				0000				
485			04			1280			0002				0000				0000				
486			02			707c			0001				0000				0000				
487			04			1280			0001				0000				0000				
487			04			1280			0002				0000				0000				
488			02			707c			0001				0000				0000				
489			04			1280			0001				0000				0000				
489			04			1280			0002				0000				0000				
501			04			1280			0001				0000				0000				
501			04			1280			0002				0000				0000				
502			02			707c			0001				0000				0000				
503			04			1280			0001				0000				0000				
503			04			1280			0002				0000				0000				
504			02			707c			0001				0000				0000				
505			04			1280			0001				0000				0000				
505			04			1280			0002				0000				0000				
506			02			707c			0001				0000				0000				
507			04			1280			0001				0000				0000				
507			04			1280			0002				0000				0000				
508			02			707c			0001				0000				0000				
509			04			1280			0001				0000				0000				
509			04			1280			0002				0000				0000				
521			04			1280			0001				0000				0000				
521			04			1280			0002				0000				0000				
522			02			707c			0001				0000				0000				
523			04			1280			0001				0000				0000				
523			04			1280			0002				0000				0000				
524			02			707c			0001				0000				0000				
525			04			1280			0001				0000				0000				
525			04			1280			0002				0000				0000				
526			02			707c			0001				0000				0000				
527			04			1280			0001				0000				0000				
527			04			1280			0002				0000				0000				
528			02			707c			0001				0000				0000				
529			04			1280			0001				0000				0000				
529			04			1280			0002				0000				0000				
541			04			1280			0001				0000				0000				
541			04			1280			0002				0000				0000				
542			02			707c			0001				0000				0000				
543			04			1280			0001				0000				0000				
543			04			1280			0002				0000				0000				
544			02			707c			0001				0000				0000				
545			04			1280			0001				0000				0000				
545			04			1280			0002				0000				0000				
546			02			707c			0001				0000				0000				
547			04			1280			0001				0000				0000				
547			04			1280			0002				0000				0000				
548			02			707c			0001				0000				0000				
549			04			1280			0001				0000				0000				
549			04			1280			0002				0000				0000				
561			04			1280			0001				0000				0000				
561			04			1280			0002				0000				0000				
562			02			707c			0001				0000				0000				
563			04			1280			0001				0000				0000				
563			04			1280			0002				0000				0000				
564			02			707c			0001				0000				0000				
565			04			1280			0001				0000				0000				
565			04			1280			0002				0000				0000				
566			02			707c			0001				0000				0000				
567			04			1280			0001				0000				0000				
567			04			1280			0002				0000				0000				
568			02			707c			0001				0000				0000				
569			04			1280			0001				0000				0000				
569			04			1280			0002				0000				0000				
581			04			1280			0001				0000				0000				
581			04			1280			0002				0000				0000				
582			02			707c			0001				0000				0000				
583			04			1280			0001				0000				0000				
583			04			1280			0002				0000				0000				
584			02			707c			0001				0000				0000				
585			04			1280			0001				0000				0000				
585			04			1280			0002				0000				0000				
586			02			707c			0001				0000				0000				
587			04			1280			0001				0000				0000				
587			04			1280			0002				0000				0000				
588			02			707c			0001				0000				0000				
589			04			1280			0001				0000				0000				
589			04			1280			0002				0000				0000				
601			04			1280			0001				0000				0000				
601			04			1280			0002				0000				0000				
602			02			707c			0001				0000				0000				
603			04			1280			0001				0000				0000				
603			04			1280			0002				0000				0000				
604			02			707c			0001				0000				0000				
605			04			1280			0001				0000				0000				
605			04			1280			0002				0000				0000				
606			02			707c			0001				0000				0000				
607			04			1280			0001				0000				0000				
607			04			1280			0002				0000				0000				
608			02			707c			0001				0000				0000				
609			04			1280			0001				0000				0000				
609			04			1280			0002				0000				0000				
621			04			1280			0001				0000				0000				
621			04			1280			0002				0000				0000				
622			02			707c			0001				0000				0000				
623			04			1280			0001				0000				0000				
623			04			1280			0002				0000				0000				
624			02			707c			0001				0000				0000				
625			04			1280			0001				0000				0000				
625			04			1280			0002				0000				0000				
626			02			707c			0001				0000				0000				
627			04			1280			0001				0000				0000				
627			04			1280			0002				0000				0000				
628			02			707c			0001				0000				0000				
629			04			1280			0001				0000				0000				
629			04			1280			0002				0000				0000				
641			04			1280			0001				0000				0000				
641			04			1280			0002				0000				0000				
642			02			707c			0001				0000				0000				
643			04			1280			0001				0000				0000				
643			04			1280			0002				0000				0000				
644			02			707c			0001				0000				0000				
645			04			1280			0001				0000				0000				
645			04			1280			0002				0000				0000				
646			02			707c			0001				0000				0000				
647			04			1280			0001				0000				0000				
647			04			1280			0002				0000				0000				
648			02			707c			0001				0000				0000				
649			04			1280			0001				0000				0000				
649			04			1280			0002				0000				0000				
661			04			1280			0001				0000				0000				
661			04			1280			0002				0000				0000				
662			02			707c			0001				0000				0000				
663			04			1280			0001				0000				0000				
663			04			1280			0002				0000				0000				
664			02			707c			0001				0000				0000				
665			04			1280			0001				0000				0000				
665			04			1280			0002				0000				0000				
666			02			707c			0001				0000				0000				
667			04			1280			0001				0000				0000				
667			04			1280			0002				0000				0000				
668			02			707c			0001				0000				0000				
669			04			1280			0001				0000				0000				
669			04			1280			0002				0000				0000				
681			04			1280			0001				0000				0000				
681			04			1280			0002				0000				0000				
682			02			707c			0001				0000				0000				
683			04			1280			0001				0000				0000				
683			04			1280			0002				0000				0000				
684			02			707c			0001				0000				0000				
685			04			1280			0001				0000				0000				
685			04			1280			0002				0000				0000				
686			02			707c			0001				0000				0000				
687			04			1280			0001				0000				0000				
687			04			1280			0002				0000				0000				
688			02			707c			0001				0000				0000				
689			04			1280			0001				0000				0000				
689			04			1280			0002				0000				0000				
701			04			1280			0001				0000				0000				
701			04			1280			0002				0000				0000				
702			02			707c			0001				0000				0000				
703			04			1280			0001				0000				0000				
703			04			1280			0002				0000				0000				
704			02			707c			0001				0000				0000				
705			04			1280			0001				0000				0000				
705			04			1280			0002				0000				0000				
706			02			707c			0001				0000				0000				
707			04			1280			0001				0000				0000				
707			04			1280			0002				0000				0000				
708			02			707c			0001				0000				0000				
709			04			1280			0001				0000				0000				
709			04			1280			0002				0000				0000				
721			04			1280			0001				0000				0000				
721			04			1280			0002				0000				0000				
722			02			707c			0001				0000				0000				
723			04			1280			0001				0000				0000				
723			04			1280			0002				0000				0000				
724			02			707c			0001				0000				0000				
725			04			1280			0001				0000				0000				
725			04			1280			0002				0000				0000				
726			02			707c			0001				0000				0000				
727			04			1280			0001				0000				0000				
727			04			1280			0002				0000				0000				
728			02			707c			0001				0000				0000				
729			04			1280			0001				0000				0000				
729			04			1280			0002				0000				0000				
741			04			1280			0001				0000				0000				
741			04			1280			0002				0000				0000				
742			02			707c			0001				0000				0000				
743			04			1280			0001				0000				0000				
743			04			1280			0002				0000				0000				
744			02			707c			0001				0000				0000				
745			04			1280			0001				0000				0000				
745			04			1280			0002				0000				0000				
746			02			707c			0001				0000				0000				
747			04			1280			0001				0000				0000				
747			04			1280			0002				0000				0000				
748			02			707c			0001				0000				0000				
749			04			1280			0001				0000				0000				
749			04			1280			0002				0000				0000				
761			04			1280			0001				0000				0000				
761			04			1280			0002				0000				0000				
762			02			707c			0001				0000				0000				
763			04			1280			0001				0000				0000				
763			04			1280			0002				0000				0000				
764			02			707c			0001				0000				0000				
765			04			1280			0001				0000				0000				
765			04			1280			0002				0000				0000				
766			02			707c			0001				0000				0000				
767			04			1280			0001				0000				0000				
767			04			1280			0002				0000				0000				
768			02			707c			0001				0000				0000				
769			04			1280			0001				0000				0000				
769			04			1280			0002				0000				0000				
781			04			1280			0001				0000				0000				
781			04			1280			0002				0000				0000				
782			02			707c			0001				0000				0000				
783			04			1280			0001				0000				0000				
783			04			1280			0002				0000				0000				
784			02			707c			0001				0000				0000				
785			04			1280			0001				0000				0000				
785			04			1280			0002				0000				0000				
786			02			707c			0001				0000				0000				
787			04			1280			0001				0000				0000				
787			04			1280			0002				0000				0000				
788			02			707c			0001				0000				0000				
789			04			1280			0001				0000				0000				
789			04			1280			0002				0000				0000				
801			04			1280			0001				0000				0000				
801			04			1280			0002				0000				0000				
802			02			707c			0001				0000				0000				
803			04			1280			0001				0000				0000				
803			04			1280			0002				0000				0000				
804			02			707c			0001				0000				0000				
805			04			1280			0001				0000				0000				
805			04			1280			0002				0000				0000				
806			02			707c			0001				0000				0000				
807			04			1280			0001				0000				0000				
807			04			1280			0002				0000				0000				
808			02			707c			0001				0000				0000				
809			04			1280			0001				0000				0000				
809			04			1280			0002				0000				0000				
821			04			1280			0001				0000				0000				
821			04			1280			0002				0000				0000				
822			02			707c			0001				0000				0000				
823			04			1280			0001				0000				0000				
823			04			1280			0002				0000				0000				
824			02			707c			0001				0000				0000				
825			04			1280			0001				0000				0000				
825			04			1280			0002				0000				0000				
826			02			707c			0001				0000				0000				
827			04			1280			0001				0000				0000				
827			04			1280			0002				0000				0000				
828			02			707c			0001				0000				0000				
829			04			1280			0001				0000				0000				
829			04			1280			0002				0000				0000				
841			04			1280			0001				0000				0000				
841			04			1280			0002				0000				0000				
842			02			707c			0001				0000				0000				
843			04			1280			0001				0000				0000				
843			04			1280			0002				0000				0000				
844			02			707c			0001				0000				0000				
845			04			1280			0001				0000				0000				
845			04			1280			0002				0000				0000				
846			02			707c			0001				0000				0000				
847			04			1280			0001				0000				0000				
847			04			1280			0002				0000				0000				
848			02			707c			0001				0000				0000				
849			04			1280			0001				0000				0000				
849			04			1280			0002				0000				0000				
861			04			1280			0001				0000				0000				
861			04			1280			0002				0000				0000				
862			02			707c			0001				0000				0000				
863			04			1280			0001				0000				0000				
863			04			1280			0002				0000				0000				
864			02			707c			0001				0000				0000				
865			04			1280			0001				0000				0000				
865			04			1280			0002				0000				0000				
866			02			707c			0001				0000				0000				
867			04			1280			0001				0000				0000				
867			04			1280			0002				0000				0000				
868			02			707c			0001				0000				0000				
869			04			1280			0001				0000				0000				
869			04			1280			0002				0000				0000				
881			04			1280			0001				0000				0000				
881			04			1280			0002				0000				0000				
882			02			707c			0001				0000				0000				
883			04			1280			0001				0000				0000				
883			04			1280			0002				0000				0000				
884			02			707c			0001				0000				0000				
885			04			1280			0001				0000				0000				
885			04			1280			0002				0000				0000				
886			02			707c			0001				0000				0000				
887			04			1280			0001				0000				0000				
887			04			1280			0002				0000				0000				
888			02			707c			0001				0000				0000				
889			04			1280			0001				0000				0000				
889			04			1280			0002				0000				0000				
901			04			1280			0001				0000				0000				
901			04			1280			0002				0000				0000				
902			02			707c			0001				0000				0000				
903			04			1280			0001				0000				0000				
903			04			1280			0002				0000				0000				
904			02			707c			0001				0000				0000				
905			04			1280			0001				0000				0000				
905			04			1280			0002				0000				0000				
906			02			707c			0001				0000				0000				
907			04			1280			0001				0000				0000				
907			04			1280			0002				0000				0000				
908			02			707c			0001				0000				0000				
909			04			1280			0001				0000				0000				
909			04			1280			0002				0000				0000				
921			04			1280			0001				0000				0000				
921			04			1280			0002				0000				0000				
922			02			707c			0001				0000				0000				
923			04			1280			0001				0000				0000				
923			04			1280			0002				0000				0000				
924			02			707c			0001				0000				0000				
925			04			1280			0001				0000				0000				
925			04			1280			0002				0000				0000				
926			02			707c			0001				0000				0000				
927			04			1280			0001				0000				0000				
927			04			1280			0002				0000				0000				
928			02			707c			0001				0000				0000				
929			04			1280			0001				0000				0000				
929			04			1280			0002				0000				0000				
941			04			1280			0001				0000				0000				
941			04			1280			0002				0000				0000				
942			02			707c			0001				0000				0000				
943			04			1280			0001				0000				0000				
943			04			1280			0002				0000				0000				
944			02			707c			0001				0000				0000				
945			04			1280			0001				0000				0000				
945			04			1280			0002				0000				0000				
946			02			707c			0001				0000				0000				
947			04			1280			0001				0000				0000				
947			04			1280			0002				0000				0000				
948			02			707c			0001				0000				0000				
949			04			1280			0001				0000				0000				
949			04			1280			0002				0000				0000				
961			04			1280			0001				0000				0000				
961			04			1280			0002				0000				0000				
962			02			707c			0001				0000				0000				
963			04			1280			0001				0000				0000				
963			04			1280			0002				0000				0000				
964			02			707c			0001				0000				0000				
965			04			1280			0001				0000				0000				
965			04			1280			0002				0000				0000				
966			02			707c			0001				0000				0000				
967			04			1280			0001				0000				0000				
967			04			1280			0002				0000				0000				
968			02			707c			0001				0000				0000				
969			04			1280			0001				0000				0000				
969			04			1280			0002				0000				0000				
981			04			1280			0001				0000				0000				
981			04			1280			0002				0000				0000				
982			02			707c			0001				0000				0000				
983			04			1280			0001				0000				0000				
983			04			1280			0002				0000				0000				
984			02			707c			0001				0000				0000				
985			04			1280			0001				0000				0000				
985			04			1280			0002				0000				0000				
986			02			707c			0001				0000				0000				
987			04			1280			0001				0000				0000				
987			04			1280			0002				0000				0000				
988			02			707c			0001				0000				0000				
989			04			1280			0001				0000				0000				
989			04			1280			0002				0000				0000				
1001			04			1280			0001				0000				0000				
1001			04			1280			0002				0000				0000				
1002			02			707c			0001				0000				0000				
1003			04			1280			0001				0000				0000				
1003			04			1280			0002				0000				0000				
1004			02			707c			0001				0000				0000				
1005			04			1280			0001				0000				0000				
1005			04			1280			0002				0000				0000				
1006			02			707c			0001				0000				0000				
1007			04			1280			0001				0000				0000				
1007			04			1280			0002				0000				0000				
1008			02			707c			0001				0000				0000				
1009			04			1280			0001				0000				0000				
1009			04			1280			0002				0000				0000				
1021			04			1280			0001				0000				0000				
1021			04			1280			0002				0000				0000				
1022			02			707c			0001				0000				0000				
1023			04			1280			0001				0000				0000				
1023			04			1280			0002				0000				0000				
1024			02			707c			0001				0000				0000				
1025			04			1280			0001				0000				0000				
1025			04			1280			0002				0000				0000				
1026			02			707c			0001				0000				0000				
1027			04			1280			0001				0000				0000				
1027			04			1280			0002				0000				0000				
1028			02			707c			0001				0000				0000				
1029			04			1280			0001				0000				0000				
1029			04			1280			0002				0000				0000				
1041			04			1280			0001				0000				0000				
1041			04			1280			0002				0000				0000				
1042			02			707c			0001				0000				0000				
1043			04			1280			0001				0000				0000				
1043			04			1280			0002				0000				0000				
1044			02			707c			0001				0000				0000				
1045			04			1280			0001				0000				0000				
1045			04			1280			0002				0000				0000				
1046			02			707c			0001				0000				0000				
1047			04			1280			0001				0000				0000				
1047			04			1280			0002				0000				0000				
1048			02			707c			0001				0000				0000				
1049			04			1280			0001				0000				0000				
1049			04			1280			0002				0000				0000				
1061			04			1280			0001				0000				0000				
1061			04			1280			0002				0000				0000				
1062			02			707c			0001				0000				0000				
1063			04			1280			0001				0000				0000				
1063			04			1280			0002				0000				0000				
1064			02			707c			0001				0000				0000				
1065			04			1280			0001				0000				0000				
1065			04			1280			0002				0000				0000				
1066			02			707c			0001				0000				0000				
1067			04			1280			0001				0000				0000				
1067			04			1280			0002				0000				0000				
1068			02			707c			0001				0000				0000				
1069			04			1280			0001				0000				0000				
1069			04			1280			0002				0000				0000				
1081			04			1280			0001				0000				0000				
1081			04			1280			0002				0000				0000				
1082			02			707c			0001				0000				0000				
1083			04			1280			0001				0000				0000				
1083			04			1280			0002				0000				0000				
1084			02			707c			0001				0000				0000				
1085			04			1280			0001				0000				0000				
1085			04			1280			0002				0000				0000				
1086			02			707c			0001				0000				0000				
1087			04			1280			0001				0000				0000				
1087			04			1280			0002				0000				0000				
1088			02			707c			0001				0000				0000				
1089			04			1280			0001				0000				0000				
1089			04			1280			0002				0000				0000				
1101			04			1280			0001				0000				0000				
1101			04			1280			0002				0000				0000				
1102			02			707c			0001				0000				0000				
1103			04			1280			0001				0000				0000				
1103			04			1280			0002				0000				0000				
1104			02			707c			0001				0000				0000				
1105			04			1280			0001				0000				0000				
1105			04			1280			0002				0000				0000				
1106			02			707c			0001				0000				0000				
1107			04			1280			0001				0000				0000				
1107			04			1280			0002				0000				0000				
1108			02			707c			0001				0000				0000				
1109			04			1280			0001				0000				0000				
1109			04			1280			0002				0000				0000				
1121			04			1280			0001				0000				0000				
1121			04			1280			0002				0000				0000				
1122			02			707c			0001				0000				0000				
1123			04			1280			0001				0000				0000				
1123			04			1280			0002				0000				0000				
1124			02			707c			0001				0000				0000				
1125			04			1280			0001				0000				0000				
1125			04			1280			0002				0000				0000				
1126			02			707c			0001				0000				0000				
1127			04			1280			0001				0000				0000				
1127			04			1280			0002				0000				0000				
1128			02			707c			0001				0000				0000				
1129			04			1280			0001				0000				0000				
1129			04			1280			0002				0000				0000				
1141			04			1280			0001				0000				0000				
1141			04			1280			0002				0000				0000				
1142			02			707c			0001				0000				0000				
1143			04			1280			0001				0000				0000				
1143			04			1280			0002				0000				0000				
1144			02			707c			0001				0000				0000				
1145			04			1280			0001				0000				0000				
1145			04			1280			0002				0000				0000				
1146			02			707c			0001				0000				0000				
1147			04			1280			0001				0000				0000				
1147			04			1280			0002				0000				0000				
1148			02			707c			0001				0000				0000				
1149			04			1280			0001				0000				0000				
1149			04			1280			0002				0000				0000				
1161			04			1280			0001				0000				0000				
1161			04			1280			0002				0000				0000				
1162			02			707c			0001				0000				0000				
1163			04			1280			0001				0000				0000				
1163			04			1280			0002				0000				0000				
1164			02			707c			0001				0000				0000				
1165			04			1280			0001				0000				0000				
1165			04			1280			0002				0000				0000				
1166			02			707c			0001				0000				0000				
1167			04			1280			0001				0000				0000				
1167			04			1280			0002				0000				0000				
1168			02			707c			0001				0000				0000				
1169			04			1280			0001				0000				0000				
1169			04			1280			0002				0000				0000				
1181			04			1280			0001				0000				0000				
1181			04			1280			0002				0000				0000				
1182			02			707c			0001				0000				0000				
1183			04			1280			0001				0000				0000				
1183			04			1280			0002				0000				0000				
1184			02			707c			0001				0000				0000				
1185			04			1280			0001				0000				0000				
1185			04			1280			0002				0000				0000				
1186			02			707c			0001				0000				0000				
1187			04			1280			0001				0000				0000				
1187			04			1280			0002				0000				0000				
1188			02			707c			0001				0000				0000				
1189			04			1280			0001				0000				0000				
1189			04			1280			0002				0000				0000				
1201			04			1280			0001				0000				0000				
1201			04			1280			0002				0000				0000				
1202			02			707c			0001				0000				0000				
1203			04			1280			0001				0000				0000				
1203			04			1280			0002				0000				0000				
1204			02			707c			0001				0000				0000				
1205			04			1280			0001				0000				0000				
1205			04			1280			0002				0000				0000				
1206			02			707c			0001				0000				0000				
1207			04			1280			0001				0000				0000				
1207			04			1280			0002				0000				0000				
1208			02			707c			0001				0000				0000				
1209			04			1280			0001				0000				0000				
1209			04			1280			0002				0000				0000				
1221			04			1280			0001				0000				0000				
1221			04			1280			0002				0000				0000				
1222			02			707c			0001				0000				0000				
1223			04			1280			0001				0000				0000				
1223			04			1280			0002				0000				0000				
1224			02			707c			0001				0000				0000				
1225			04			1280			0001				0000				0000				
1225			04			1280			0002				0000				0000				
1226			02			707c			0001				0000				0000				
1227			04			1280			0001				0000				0000				
1227			04			1280			0002				0000				0000				
1228			02			707c			0001				0000				0000				
1229			04			1280			0001				0000				0000				
1229			04			1280			0002				0000				0000				
1241			04			1280			0001				0000				0000				
1241			04			1280			0002				0000				0000				
1242			02			707c			0001				0000				0000				
1243			04			1280			0001				0000				0000				
1243			04			1280			0002				0000				0000				
1244			02			707c			0001				0000				0000				
1245			04			1280			0001				0000				0000				
1245			04			1280			0002				0000				0000				
1246			02			707c			0001				0000				0000				
1247			04			1280			0001				0000				0000				
1247			04			1280			0002				0000				0000				
1248			02			707c			0001				0000				0000				
1249			04			1280			0001				0000				0000				
1249			04			1280			0002				0000				0000				
1261			04			1280			0001				0000				0000				
1261			04			1280			0002				0000				0000				
1262			02			707c			0001				0000				0000				
1263			04			1280			0001				0000				0000				
1263			04			1280			0002				0000				0000				
1264			02			707c			0001				0000				0000				
1265			04			1280			0001				0000				0000				
1265			04			1280			0002				0000				0000				
1266			02			707c			0001				0000				0000				
1267			04			1280			0001				0000				0000				
1267			04			1280			0002				0000				0000				
1268			02			707c			0001				0000				0000				
1269			04			1280			0001				0000				0000				
1269			04			1280			0002				0000				0000				
1281			04			1280			0001				0000				0000				
1281			04			1280			0002				0000				0000				
1282			02			707c			0001				0000				0000				
1283			04			1280			0001				0000				0000				
1283			04			1280			0002				0000				0000				
1284			02			707c			0001				0000				0000				
1285			04			1280			0001				0000				0000				
1285			04			1280			0002				0000				0000				
1286			02			707c			0001				0000				0000				
1287			04			1280			0001				0000				0000				
1287			04			1280			0002				0000				0000				
1288			02			707c			0001				0000				0000				
1289			04			1280			0001				0000				0000				
1289			04			1280			0002				0000				0000				
1301			04			1280			0001				0000				0000				
1301			04			1280			0002				0000				0000				
1302			02			707c			0001				0000				0000				
1303			04			1280			0001				0000				0000				
1303			04			1280			0002				0000				0000				
1304			02			707c			0001				0000				0000				
1305			04			1280			0001				0000				0000				
1305			04			1280			0002				0000				0000				
1306			02			707c			0001				0000				0000				
1307			04			1280			0001				0000				0000				
1307			04			1280			0002				0000				0000				
1308			02			707c			0001				0000				0000				
1309			04			1280			0001				0000				0000				
1309			04			1280			0002				0000				0000				
1321			04			1280			0001				0000				0000				
1321			04			1280			0002				0000				0000				
1322			02			707c			0001				0000				0000				
1323			04			1280			0001				0000				0000				
1323			04			1280			0002				0000				0000				
1324			02			707c			0001				0000				0000				
1325			04			1280			0001				0000				0000				
1325			04			1280			0002				0000				0000				
1326			02			707c			0001				0000				0000				
1327			04			1280			0001				0000				0000				
1327			04			1280			0002				0000				0000				
1328			02			707c			0001				0000				0000				
1329			04			1280			0001				0000				0000				
1329			04			1280			0002				0000				0000				
1341			04			1280			0001				0000				0000				
1341			04			1280			0002				0000				0000				
1342			02			707c			0001				0000				0000				
1343			04			1280			0001				0000				0000				
1343			04			1280			0002				0000				0000				
1344			02			707c			0001				0000				0000				
1345			04			1280			0001				0000				0000				
1345			04			1280			0002				0000				0000				
1346			02			707c			0001				0000				0000				
1347			04			1280			0001				0000				0000				
1347			04			1280			0002				0000				0000				
1348			02			707c			0001				0000				0000				
1349			04			1280			0001				0000				0000				
1349			04			1280			0002				0000				0000				
1361			04			1280			0001				0000				0000				
1361			04			1280			0002				0000				0000				
1362			02			707c			0001				0000				0000				
1363			04			1280			0001				0000				0000				
1363			04			1280			0002				0000				0000				
1364			02			707c			0001				0000				0000				
1365			04			1280			0001				0000				0000				
1365			04			1280			0002				0000				0000				
1366			02			707c			0001				0000				0000				
1367			04			1280			0001				0000				0000				
1367			04			1280			0002				0000				0000				
1368			02			707c			0001				0000				0000				
1369			04			1280			0001				0000				0000				
1369			04			1280			0002				0000				0000				
1381			04			1280			0001				0000				0000				
1381			04			1280			0002				0000				0000				
1382			02			707c			0001				0000				0000				
1383			04			1280			0001				0000				0000				
1383			04			1280			0002				0000				0000				
1384			02			707c			0001				0000				0000				
1385			04			1280			0001				0000				0000				
1385			04			1280			0002				0000				0000				
1386			02			707c			0001				0000				0000				
1387			04			1280			0001				0000				0000				
1387			04			1280			0002				0000				0000				
1388			02			707c			0001				0000				0000				
1389			04			1280			0001				0000				0000				
1389			04			1280			0002				0000				0000				
1401			04			1280			0001				0000				0000				
1401			04			1280			0002				0000				0000				
1402			02			707c			0001				0000				0000				
1403			04			1280			0001				0000				0000				
1403			04			1280			0002				0000				0000				
1404			02			707c			0001				0000				0000				
1405			04			1280			0001				0000				0000				
1405			04			1280			0002				0000				0000				
1406			02			707c			0001				0000				0000				
1407			04			1280			0001				0000				0000				
1407			04			1280			0002				0000				0000				
1408			02			707c			0001				0000				0000				
1409			04			1280			0001				0000				0000				
1409			04			1280			0002				0000				0000				
1421			04			1280			0001				0000				0000				
1421			04			1280			0002				0000				0000				
1422			02			707c			0001				0000				0000				
1423			04			1280			0001				0000				0000				
1423			04			1280			0002				0000				0000				
1424			02			707c			0001				0000				0000				
1425			04			1280			0001				0000				0000				
1425			04			1280			0002				0000				0000				
1426			02			707c			0001				0000				0000				
1427			04			1280			0001				0000				0000				
1427			04			1280			0002				0000				0000				
1428			02			707c			0001				0000				0000				
1429			04			1280			0001				0000				0000				
1429			04			1280			0002				0000				0000				
1441			04			1280			0001				0000				0000				
1441			04			1280			0002				0000				0000				
1442			02			707c			0001				0000				0000				
1443			04			1280			0001				0000				0000				
1443			04			1280			0002				0000				0000				
1444			02			707c			0001				0000				0000				
1445			04			1280			0001				0000				0000				
1445			04			1280			0002				0000				0000				
1446			02			707c			0001				0000				0000				
1447			04			1280			0001				0000				0000				
1447			04			1280			0002				0000				0000				
1448			02			707c			0001				0000				0000				
1449			04			1280			0001				0000				0000				
1449			04			1280			0002				0000				0000				
1461			04			1280			0001				0000				0000				
1461			04			1280			0002				0000				0000				
1462			02			707c			0001				0000				0000				
1463			04			1280			0001				0000				0000				
1463			04			1280			0002				0000				0000				
1464			02			707c			0001				0000				0000				
1465			04			1280			0001				0000				0000				
1465			04			1280			0002				0000				0000				
1466			02			707c			0001				0000				0000				
1467			04			1280			0001				0000				0000				
1467			04			1280			0002				0000				0000				
1468			02			707c			0001				0000				0000				
1469			04			1280			0001				0000				0000				
1469			04			1280			0002				0000				0000				
1481			04			1280			0001				0000				0000				
1481			04			1280			0002				0000				0000				
1482			02			707c			0001				0000				0000				
1483			04			1280			0001				0000				0000				
1483			04			1280			0002				0000				0000				
1484			02			707c			0001				0000				0000				
1485			04			1280			0001				0000				0000				
1485			04			1280			0002				0000				0000				
1486			02			707c			0001				0000				0000				
1487			04			1280			0001				0000				0000				
1487			04			1280			0002				0000				0000				
1488			02			707c			0001				0000				0000				
1489			04			1280			0001				0000				0000				
1489			04			1280			0002				0000				0000				
1501			04			1280			0001				0000				0000				
1501			04			1280			0002				0000				0000				
1502			02			707c			0001				0000				0000				
1503			04			1280			0001				0000				0000				
1503			04			1280			0002				0000				0000				
1504			02			707c			0001				0000				0000				
1505			04			1280			0001				0000				0000				
1505			04			1280			0002				0000				0000				
1506			02			707c			0001				0000				0000				
1507			04			1280			0001				0000				0000				
1507			04			1280			0002				0000				0000				
1508			02			707c			0001				0000				0000				
1509			04			1280			0001				0000				0000				
1509			04			1280			0002				0000				0000				
1521			04			1280			0001				0000				0000				
1521			04			1280			0002				0000				0000				
1522			02			707c			0001				0000				0000				
1523			04			1280			0001				0000				0000				
1523			04			1280			0002				0000				0000				
1524			02			707c			0001				0000				0000				
1525			04			1280			0001				0000				0000				
1525			04			1280			0002				0000				0000				
1526			02			707c			0001				0000				0000				
1527			04			1280			0001				0000				0000				
1527			04			1280			0002				0000				0000				
1528			02			707c			0001				0000				0000				
1529			04			1280			0001				0000				0000				
1529			04			1280			0002				0000				0000				
1541			04			1280			0001				0000				0000				
1541			04			1280			0002				0000				0000				
1542			02			707c			0001				0000				0000				
1543			04			1280			0001				0000				0000				
1543			04			1280			0002				0000				0000				
1544			02			707c			0001				0000				0000				
1545			04			1280			0001				0000				0000				
1545			04			1280			0002				0000				0000				
1546			02			707c			0001				0000				0000				
1547			04			1280			0001				0000				0000				
1547			04			1280			0002				0000				0000				
1548			02			707c			0001				0000				0000				
1549			04			1280			0001				0000				0000				
1549			04			1280			0002				0000				0000				
1561			04			1280			0001				0000				0000				
1561			04			1280			0002				0000				0000				
1562			02			707c			0001				0000				0000				
1563			04			1280			0001				0000				0000				
1563			04			1280			0002				0000				0000				
1564			02			707c			0001				0000				0000				
1565			04			1280			0001				0000				0000				
1565			04			1280			0002				0000				0000				
1566			02			707c			0001				0000				0000				
1567			04			1280			0001				0000				0000				
1567			04			1280			0002				0000				0000				
1568			02			707c			0001				0000				0000				
1569			04			1280			0001				0000				0000				
1569			04			1280			0002				0000				0000				
1581			04			1280			0001				0000				0000				
1581			04			1280			0002				0000				0000				
1582			02			707c			0001				0000				0000				
1583			04			1280			0001				0000				0000				
1583			04			1280			0002				0000				0000				
1584			02			707c			0001				0000				0000				
1585			04			1280			0001				0000				0000				
1585			04			1280			0002				0000				0000				
1586			02			707c			0001				0000				0000				
1587			04			1280			0001				0000				0000				
1587			04			1280			0002				0000				0000				
1588			02			707c			0001				0000				0000				
1589			04			1280			0001				0000				0000				
1589			04			1280			0002				0000				0000				
1601			04			1280			0001				0000				0000				
1601			04			1280			0002				0000				0000				
1602			02			707c			0001				0000				0000				
1603			04			1280			0001				0000				0000				
1603			04			1280			0002				0000				0000				
1604			02			707c			0001				0000				0000				
1605			04			1280			0001				0000				0000				
1605			04			1280			0002				0000				0000				
1606			02			707c			0001				0000				0000				
1607			04			1280			0001				0000				0000				
1607			04			1280			0002				0000				0000				
1608			02			707c			0001				0000				0000				
1609			04			1280			0001				0000				0000				
1609			04			1280			0002				0000				0000				
1621			04			1280			0001				0000				0000				
1621			04			1280			0002				0000				0000				
1622			02			707c			0001				0000				0000				
1623			04			1280			0001				0000				0000				
1623			04			1280			0002				0000				0000				
1624			02			707c			0001				0000				0000				
1625			04			1280			0001				0000				0000				
1625			04			1280			0002				0000				0000				
1626			02			707c			0001				0000				0000				
1627			04			1280			0001				0000				0000				
1627			04			1280			0002				0000				0000				
1628			02			707c			0001				0000				0000				
1629			04			1280			0001				0000				0000				
1629			04			1280			0002				0000				0000				
1641			04			1280			0001				0000				0000				
1641			04			1280			0002				0000				0000				
1642			02			707c			0001				0000				0000				
1643			04			1280			0001				0000				0000				
1643			04			1280			0002				0000				0000				
1644			02			707c			0001				0000				0000				
1645			04			1280			0001				0000				0000				
1645			04			1280			0002				0000				0000				
1646			02			707c			0001				0000				0000				
1647			04			1280			0001				0000				0000				
1647			04			1280			0002				0000				0000				
1648			02			707c			0001				0000				0000				
1649			04			1280			0001				0000				0000				
1649			04			1280			0002				0000				0000				
1661			04			1280			0001				0000				0000				
1661			04			1280			0002				0000				0000				
1662			02			707c			0001				0000				0000				
1663			04			1280			0001				0000				0000				
1663			04			1280			0002				0000				0000				
1664			02			707c			0001				0000				0000				
1665			04			1280			0001				0000				0000				
1665			04			1280			0002				0000				0000				
1666			02			707c			0001				0000				0000				
1667			04			1280			0001				0000				0000				
1667			04			1280			0002				0000				0000				
1668			02			707c			0001				0000				0000				
1669			04			1280			0001				0000				0000				
1669			04			1280			0002				0000				0000				
1681			04			1280			0001				0000				0000				
1681			04			1280			0002				0000				0000				
1682			02			707c			0001				0000				0000				
1683			04			1280			0001				0000				0000				
1683			04			1280			0002				0000				0000				
1684			02			707c			0001				0000				0000				
1685			04			1280			0001				0000				0000				
1685			04			1280			0002				0000				0000				
1686			02			707c			0001				0000				0000				
1687			04			1280			0001				0000				0000				
1687			04			1280			0002				0000				0000				
1688			02			707c			0001				0000				0000				
1689			04			1280			0001				0000				0000				
1689			04			1280			0002				0000				0000				
1701			04			1280			0001				0000				0000				
1701			04			1280			0002				0000				0000				
1702			02			707c			0001				0000				0000				
1703			04			1280			0001				0000				0000				
1703			04			1280			0002				0000				0000				
1704			02			707c			0001				0000				0000				
1705			04			1280			0001				0000				0000				
1705			04			1280			0002				0000				0000				
1706			02			707c			0001				0000				0000				
1707			04			1280			0001				0000				0000				
1707			04			1280			0002				0000				0000				
1708			02			707c			0001				0000				0000				
1709			04			1280			0001				0000				0000				
1709			04			1280			0002				0000				0000				
1721			04			1280			0001				0000				0000				
1721			04			1280			0002				0000				0000				
1722			02			707c			0001				0000				0000				
1723			04			1280			0001				0000				0000				
1723			04			1280			0002				0000				0000				
1724			02			707c			0001				0000				0000				
1725			04			1280			0001				0000				0000				
1725			04			1280			0002				0000				0000				
1726			02			707c			0001				0000				0000				
1727			04			1280			0001				0000				0000				
1727			04			1280			0002				0000				0000				
1728			02			707c			0001				0000				0000				
1729			04			1280			0001				0000				0000				
1729			04			1280			0002				0000				0000				
1741			04			1280			0001				0000				0000				
1741			04			1280			0002				0000				0000				
1742			02			707c			0001				0000				0000				
1743			04			1280			0001				0000				0000				
1743			04			1280			0002				0000				0000				
1744			02			707c			0001				0000				0000				
1745			04			1280			0001				0000				0000				
1745			04			1280			0002				0000				0000				
1746			02			707c			0001				0000				0000				
1747			04			1280			0001				0000				0000				
1747			04			1280			0002				0000				0000				
1748			02			707c			0001				0000				0000				
1749			04			1280			0001				0000				0000				
1749			04			1280			0002				0000				0000				
1761			04			1280			0001				0000				0000				
1761			04			1280			0002				0000				0000				
1762			02			707c			0001				0000				0000				
1763			04			1280			0001				0000				0000				
1763			04			1280			0002				0000				0000				
1764			02			707c			0001				0000				0000				
1765			04			1280			0001				0000				0000				
1765			04			1280			0002				0000				0000				
1766			02			707c			0001				0000				0000				
1767			04			1280			0001				0000				0000				
1767			04			1280			0002				0000				0000				
1768			02			707c			0001				0000				0000				
1769			04			1280			0001				0000				0000				
1769			04			1280			0002				0000				0000				
1781			04			1280			0001				0000				0000				
1781			04			1280			0002				0000				0000				
1782			02			707c			0001				0000				0000				
1783			04			1280			0001				0000				0000				
1783			04			1280			0002				0000				0000				
1784			02			707c			0001				0000				0000				
1785			04			1280			0001				0000				0000				
1785			04			1280			0002				0000				0000				
1786			02			707c			0001				0000				0000				
1787			04			1280			0001				0000				0000				
1787			04			1280			0002				0000				0000				
1788			02			707c			0001				0000				0000				
1789			04			1280			0001				0000				0000				
1789			04			1280			0002				0000				0000				
1801			04			1280			0001				0000				0000				
1801			04			1280			0002				0000				0000				
1802			02			707c			0001				0000				0000				
1803			04			1280			0001				0000				0000				
1803			04			1280			0002				0000				0000				
1804			02			707c			0001				0000				0000				
1805			04			1280			0001				0000				0000				
1805			04			1280			0002				0000				0000				
1806			02			707c			0001				0000				0000				
1807			04			1280			0001				0000				0000				
1807			04			1280			0002				0000				0000				
1808			02			707c			0001				0000				0000				
1809			04			1280			0001				0000				0000				
1809			04			1280			0002				0000				0000				
1821			04			1280			0001				0000				0000				
1821			04			1280			0002				0000				0000				
1822			02			707c			0001				0000				0000				
1823			04			1280			0001				0000				0000				
1823			04			1280			0002				0000				0000				
1824			02			707c			0001				0000				0000				
1825			04			1280			0001				0000				0000				
1825			04			1280			0002				0000				0000				
1826			02			707c			0001				0000				0000				
1827			04			1280			0001				0000				0000				
1827			04			1280			0002				0000				0000				
1828			02			707c			0001				0000				0000				
1829			04			1280			0001				0000				0000				
1829			04			1280			0002				0000				0000				
1841			04			1280			0001				0000				0000				
1841			04			1280			0002				0000				0000				
1842			02			707c			0001				0000				0000				
1843			04			1280			0001				0000				0000				
1843			04			1280			0002				0000				0000				
1844			02			707c			0001				0000				0000				
1845			04			1280			0001				0000				0000				
1845			04			1280			0002				0000				0000				
1846			02			707c			0001				0000				0000				
1847			04			1280			0001				0000				0000				
1847			04			1280			0002				0000				0000				
1848			02			707c			0001				0000				0000				
1849			04			1280			0001				0000				0000				
1849			04			1280			0002				0000				0000				
1861			04			1280			0001				0000				0000				
1861			04			1280			0002				0000				0000				
1862			02			707c			0001				0000				0000				
1863			04			1280			0001				0000				0000				
1863			04			1280			0002				0000				0000				
1864			02			707c			0001				0000				0000				
1865			04			1280			0001				0000				0000				
1865			04			1280			0002				0000				0000				
1866			02			707c			0001				0000				0000				
1867			04			1280			0001				0000				0000				
1867			04			1280			0002				0000				0000				
1868			02			707c			0001				0000				0000				
1869			04			1280			0001				0000				0000				
1869			04			1280			0002				0000				0000				
1881			04			1280			0001				0000				0000				
1881			04			1280			0002				0000				0000				
1882			02			707c			0001				0000				0000				
1883			04			1280			0001				0000				0000				
1883			04			1280			0002				0000				0000				
1884			02			707c			0001				0000				0000				
1885			04			1280			0001				0000				0000				
1885			04			1280			0002				0000				0000				
1886			02			707c			0001				0000				0000				
1887			04			1280			0001				0000				0000				
1887			04			1280			0002				0000				0000				
1888			02			707c			0001				0000				0000				
1889			04			1280			0001				0000				0000				
1889			04			1280			0002				0000				0000				
1901			04			1280			0001				0000				0000				
1901			04			1280			0002				0000				0000				
1902			02			707c			0001				0000				0000				
1903			04			1280			0001				0000				0000				
1903			04			1280			0002				0000				0000				
1904			02			707c			0001				0000				0000				
1905			04			1280			0001				0000				0000				
1905			04			1280			0002				0000				0000				
1906			02			707c			0001				0000				0000				
1907			04			1280			0001				0000				0000				
1907			04			1280			0002				0000				0000				
1908			02			707c			0001				0000				0000				
1909			04			1280			0001				0000				0000				
1909			04			1280			0002				0000				0000				
1921			04			1280			0001				0000				0000				
1921			04			1280			0002				0000				0000				
1922			02			707c			0001				0000				0000				
1923			04			1280			0001				0000				0000				
1923			04			1280			0002				0000				0000				
1924			02			707c			0001				0000				0000				
1925			04			1280			0001				0000				0000				
1925			04			1280			0002				0000				0000				
1926			02			707c			0001				0000				0000				
1927			04			1280			0001				0000				0000				
1927			04			1280			0002				0000				0000				
1928			02			707c			0001				0000				0000				
1929			04			1280			0001				0000				0000				
1929			04			1280			0002				0000				0000				
1941			04			1280			0001				0000				0000				
1941			04			1280			0002				0000				0000				
1942			02			707c			0001				0000				0000				
1943			04			1280			0001				0000				0000				
1943			04			1280			0002				0000				0000				
1944			02			707c			0001				0000				0000				
1945			04			1280			0001				0000				0000				
1945			04			1280			0002				0000				0000				
1946			02			707c			0001				0000				0000				
1947			04			1280			0001				0000				0000				
1947			04			1280			0002				0000				0000				
1948			02			707c			0001				0000				0000				
1949			04			1280			0001				0000				0000				
1949			04			1280			0002				0000				0000				
1961			04			1280			0001				0000				0000				
1961			04			1280			0002				0000				0000				
1962			02			707c			0001				0000				0000				
1963			04			1280			0001				0000				0000				
1963			04			1280			0002				0000				0000				
1964			02			707c			0001				0000				0000				
1965			04			1280			0001				0000				0000				
1965			04			1280			0002				0000				0000				
1966			02			707c			0001				0000				0000				
1967			04			1280			0001				0000				0000				
1967			04			1280			0002				0000				0000				
1968			02			707c			0001				0000				0000				
1969			04			1280			0001				0000				0000				
1969			04			1280			0002				0000				0000				
1981			04			1280			0001				0000				0000				
1981			04			1280			0002				0000				0000				
1982			02			707c			0001				0000				0000				
1983			04			1280			0001				0000				0000				
1983			04			1280			0002				0000				0000				
1984			02			707c			0001				0000				0000				
1985			04			1280			0001				0000				0000				
1985			04			1280			0002				0000				0000				
1986			02			707c			0001				0000				0000				
1987			04			1280			0001				0000				0000				
1987			04			1280			0002				0000				0000				
1988			02			707c			0001				0000				0000				
1989			04			1280			0001				0000				0000				
1989			04			1280			0002				0000				0000				
2001			04			1280			0001				0000				0000				
2001			04			1280			0002				0000				0000				
2002			02			707c			0001				0000				0000				
2003			04			1280			0001				0000				0000				
2003			04			1280			0002				0000				0000				
2004			02			707c			0001				0000				0000				
2005			04			1280			0001				0000				0000				
2005			04			1280			0002				0000				0000				
2006			02			707c			0001				0000				0000				
2007			04			1280			0001				0000				0000				
2007			04			1280			0002				0000				0000				
2008			02			707c			0001				0000				0000				
2009			04			1280			0001				0000				0000				
2009			04			1280			0002				0000				0000				
2021			04			1280			0001				0000				0000				
2021			04			1280			0002				0000				0000				
2022			02			707c			0001				0000				0000				
2023			04			1280			0001				0000				0000				
2023			04			1280			0002				0000				0000				
2024			02			707c			0001				0000				0000				
2025			04			1280			0001				0000				0000				
2025			04			1280			0002				0000				0000				
2026			02			707c			0001				0000				0000				
2027			04			1280			0001				0000				0000				
2027			04			1280			0002				0000				0000				
2028			02			707c			0001				0000				0000				
2029			04			1280			0001				0000				0000				
2029			04			1280			0002				0000				0000				
2041			04			1280			0001				0000				0000				
2041			04			1280			0002				0000				0000				
2042			02			707c			0001				0000				0000				
2043			04			1280			0001				0000				0000				
2043			04			1280			0002				0000				0000				
2044			02			707c			0001				0000				0000				
2045			04			1280			0001				0000				0000				
2045			04			1280			0002				0000				0000				
2046			02			707c			0001				0000				0000				
2047			04			1280			0001				0000				0000				
2047			04			1280			0002				0000				0000				
2048			02			707c			0001				0000				0000				
2049			04			1280			0001				0000				0000				
2049			04			1280			0002				0000				0000				
2061			04			1280			0001				0000				0000				
2061			04			1280			0002				0000				0000				
2062			02			707c			0001				0000				0000				
2063			04			1280			0001				0000				0000				
2063			04			1280			0002				0000				0000				
2064			02			707c			0001				0000				0000				
2065			04			1280			0001				0000				0000				
2065			04			1280			0002				0000				0000				
2066			02			707c			0001				0000				0000				
2067			04			1280			0001				0000				0000				
2067			04			1280			0002				0000				0000				
2068			02			707c			0001				0000				0000				
2069			04			1280			0001				0000				0000				
2069			04			1280			0002				0000				0000				
2081			04			1280			0001				0000				0000				
2081			04			1280			0002				0000				0000				
2082			02			707c			0001				0000				0000				
2083			04			1280			0001				0000				0000				
2083			04			1280			0002				0000				0000				
2084			02			707c			0001				0000				0000				
2085			04			1280			0001				0000				0000				
2085			04			1280			0002				0000				0000				
2086			02			707c			0001				0000				0000				
2087			04			1280			0001				0000				0000				
2087			04			1280			0002				0000				0000				
2088			02			707c			0001				0000				0000				
2089			04			1280			0001				0000				0000				
2089			04			1280			0002				0000				0000				
2101			04			1280			0001				0000				0000				
2101			04			1280			0002				0000				0000				
2102			02			707c			0001				0000				0000				
2103			04			1280			0001				0000				0000				
2103			04			1280			0002				0000				0000				
2104			02			707c			0001				0000				0000				
2105			04			1280			0001				0000				0000				
2105			04			1280			0002				0000				0000				
2106			02			707c			0001				0000				0000				
2107			04			1280			0001				0000				0000				
2107			04			1280			0002				0000				0000				
2108			02			707c			0001				0000				0000				
2109			04			1280			0001				0000				0000				
2109			04			1280			0002				0000				0000				
2121			04			1280			0001				0000				0000				
2121			04			1280			0002				0000				0000				
2122			02			707c			0001				0000				0000				
2123			04			1280			0001				0000				0000				
2123			04			1280			0002				0000				0000				
2124			02			707c			0001				0000				0000				
2125			04			1280			0001				0000				0000				
2125			04			1280			0002				0000				0000				
2126			02			707c			0001				0000				0000				
2127			04			1280			0001				0000				0000				
2127			04			1280			0002				0000				0000				
2128			02			707c			0001				0000				0000				
2129			04			1280			0001				0000				0000				
2129			04			1280			0002				0000				0000				
2141			04			1280			0001				0000				0000				
2141			04			1280			0002				0000				0000				
2142			02			707c			0001				0000				0000				
2143			04			1280			0001				0000				0000				
2143			04			1280			0002				0000				0000				
2144			02			707c			0001				0000				0000				
2145			04			1280			0001				0000				0000				
2145			04			1280			0002				0000				0000				
2146			02			707c			0001				0000				0000				
2147			04			1280			0001				0000				0000				
2147			04			1280			0002				0000				0000				
2148			02			707c			0001				0000				0000				
2149			04			1280			0001				0000				0000				
2149			04			1280			0002				0000				0000				
2161			04			1280			0001				0000				0000				
2161			04			1280			0002				0000				0000				
2162			02			707c			0001				0000				0000				
2163			04			1280			0001				0000				0000				
2163			04			1280			0002				0000				0000				
2164			02			707c			0001				0000				0000				
2165			04			1280			0001				0000				0000				
2165			04			1280			0002				0000				0000				
2166			02			707c			0001				0000				0000				
2167			04			1280			0001				0000				0000				
2167			04			1280			0002				0000				0000				
2168			02			707c			0001				0000				0000				
2169			04			1280			0001				0000				0000				
2169			04			1280			0002				0000				0000				
2181			04			1280			0001				0000				0000				
2181			04			1280			0002				0000				0000				
2182			02			707c			0001				0000				0000				
2183			04			1280			0001				0000				0000				
2183			04			1280			0002				0000				0000				
2184			02			707c			0001				0000				0000				
2185			04			1280			0001				0000				0000				
2185			04			1280			0002				0000				0000				
2186			02			707c			0001				0000				0000				
2187			04			1280			0001				0000				0000				
2187			04			1280			0002				0000				0000				
2188			02			707c			0001				0000				0000				
2189			04			1280			0001				0000				0000				
2189			04			1280			0002				0000				0000				
2201			04			1280			0001				0000				0000				
2201			04			1280			0002				0000				0000				
2202			02			707c			0001				0000				0000				
2203			04			1280			0001				0000				0000				
2203			04			1280			0002				0000				0000				
2204			02			707c			0001				0000				0000				
2205			04			1280			0001				0000				0000				
2205			04			1280			0002				0000				0000				
2206			02			707c			0001				0000				0000				
